9.026522645562301550e-01
9.026537560285565753e-01
9.089889898105112387e-01
8.283613827259095341e-01
8.713105090641356520e-01
9.345491615238812333e-01
8.900505957024781312e-01
8.344287608983611548e-01
9.153457657817938298e-01
9.735545774696365839e-01
9.409951930894030481e-01
9.345497352731080287e-01
7.572525192332226762e-01
9.153458887698243673e-01
7.805879867604949007e-01
9.153459677195495692e-01
9.089887796948071808e-01
8.589296148699155919e-01
9.089888454172525556e-01
9.345499332885770505e-01
